# Connectivity scores
Pieter Moris  
`r format(Sys.Date())`  



## Unraveling the connection between chemical structure and gene expression.

The aim of this analysis is to investigate the association between the structure of chemical compounds (or their predicted biological activity) and the effects they induce in a gene expression assay. We will group compounds with a similar structure (*chemical fingerprint*) or predicted bio-activity (*target prediction*) using clustering methods. Subsequently the *gene expression profiles* of the compounds within a cluster will be contrasted with each other using a connectivity score approach based on the work of @lamb_connectivity_2006 and @zhang_simple_2008 on the [Connectivity Map](https://www.broadinstitute.org/cmap/). 

Their methods enable us to contrast a number of query expression profiles with a set of reference profiles and assess the *connectivity* between compounds in terms of which genes are regulated up or down. The connection between the query and reference data can be both positive and negative. In the former case, highly up-regulated genes in one set will also be up-regulated in the other set, and vice versa for down-regulated genes. In the latter case, genes with a high expression in one assay, might be strongly down-regulated in the other one. Both situations imply that the two compounds interfere with the same biological processes. If two sets are weakly connected, there is no correlation or overlap between the top genes of either set. We will use an extension of these methods that scores the connectivity between gene expression profiles using *multiple factor analysis* (MFA). In a nutshell, we will look at the principal axes of variation in the gene expression profiles and we hope to find components where both the reference and the query compounds have a high contribution. 

The dataset we will focus on is the Connectivity Map's MCF-7 dataset, where the gene-wide expression profiles for a breast cancer cell line when exposed to several bio-active small molecules. The chemical fingerprints and and target predictions of these compounds was provided as well.

## Clustering chemical compounds based on chemical fingerprints
We will employ hierarchical clustering to group the chemical compounds based on their fingerprints or target predictions. In either case we are dealing with a 0/1 matrix where the rows correspond to different compounds. For the chemical fingerprints the columns indicate the presence or absence of specific chemical structures. Together this sequence of ones and zeros describes the entire molecular scaffolding of the compound. In essence we are dealing with a bit string for each compound.

Similarly, the binary target prediction matrix indicates whether or not a certain compound is predicted to bind to a certain molecular target, such as enzymes.

Let's take a look at the chemical fingerprints first. Here is a sneak peek of the data:


```
##                  -2147375257 -2147119955 -2146474760 -2145840573
## metformin                  0           0           0           0
## phenformin                 0           0           0           0
## phenyl biguanide           0           0           0           0
## estradiol                  0           0           0           0
## dexamethasone              0           0           0           0
## verapamil                  0           0           0           0
```

To properly cluster objects based on binary attributes, we need to define an adequate measure of similarity. The *Tanimoto coefficient* (sometimes called the *Jaccard coefficient*) is often used for this purpose in cheminformatics [[@maccuish_clustering_2011]](#chem). It contrasts two objects *x* and *y* of dimension *k* in terms of the number of common attributes, *c* versus the number of attributes unique to either object, *a* and *b*. $$s = \frac{c}{a+b-c}$$

*To do: difference in definitions of Tanimoto, jaccard and soergel distance!*

<!-- *** -->

<!-- http://www.sequentix.de/gelquest/help/distance_measures.htm -->

<!-- https://en.wikipedia.org/wiki/Jaccard_index Various forms of functions described as Tanimoto similarity and Tanimoto distance occur in the literature and on the Internet. Most of these are synonyms for Jaccard similarity and Jaccard distance, but some are mathematically different.  -->

<!-- https://books.google.be/books?id=ZDDNBQAAQBAJ&pg=PA41&lpg=PA41&dq=tanimoto+clustering&source=bl&ots=vsLen2ZmS5&sig=N16boAKkB5NWLJjeteC4shM6Brc&hl=en&sa=X&ved=0ahUKEwiaiZvsx4vLAhWBfxoKHf-9DrwQ6AEISzAH#v=onepage&q=tanimoto%20clustering&f=false Soergel distance -->

<!-- https://docs.tibco.com/pub/spotfire/6.0.0-november-2013/userguide-webhelp/hc/hc_tanimoto_coefficient.htm another different formula! -->

<!-- *** -->

Its complement ($1-s$), the *Soergel distance*, is what we will use for our clustering approach. This is what the distance matrix of the compounds based on their fingerprints will look like:

<!-- *To do: R's dist function using binary seems to provide almost the same result! Again, difference between jaccard/tanimoto definitions?* -->


```r
tanimoto = function(m){
  S = matrix(0,nrow=dim(m)[1],ncol=dim(m)[1])
  m=as.matrix(m)
  N.C=m %*% t(m)
  N.A=m %*% (1-t(m))
  N.B=(1-m) %*% t(m)
  S=N.C/(N.A+N.B+N.C)
  D = 1 - S
  return(D)
}
dist.fingerprintMat <- tanimoto(fingerprintMat)
head(dist.fingerprintMat[,1:4])
```

```
##                  metformin phenformin phenyl biguanide estradiol
## metformin        0.0000000  0.7727273        0.8095238 0.9696970
## phenformin       0.7727273  0.0000000        0.5217391 0.8684211
## phenyl biguanide 0.8095238  0.5217391        0.0000000 0.9210526
## estradiol        0.9696970  0.8684211        0.9210526 0.0000000
## dexamethasone    0.9473684  0.8863636        0.9318182 0.6976744
## verapamil        0.9090909  0.8461538        0.9250000 0.7906977
```

```r
# alternative in base r?
# test.dist.fingerprintMat <- as.matrix(dist(fingerprintMat,method = 'binary'))
# test.dist.fingerprintMat == dist.fingerprintMat
```

Now we can go ahead and try to cluster these compounds based on their (dis)similarity in chemical fingerprints. We will use the `agnes` function provided by the `cluster` package, which implements a basic agglomerative hierarchical clustering analysis. Agglomerative hierarchical clustering attempts to form groups of similar objects through a bottom-up approach (as opposed to divisive methods). It starts by assigning each observation to its own cluster. Then, an hierarchy is created by repeatedly merging pairs of similar clusters at lower levels (i.e. those that are close according to our *distance* measure), until a single cluster is formed at the top level. Not only do we require an appropriate measure of distance, like the Tanimoto distance, but we also need to choose an agglomeration method. This method will define how the distance between clusters is calculated: e.g. do we only look at the largest distance between its members or do we take the average of all pairwise distances? We will try both the average method, which strikes a compromise between compactness and closeness of the clusters, and the flexible-Beta, a method often used in ecology (with $\alpha = 0.625$). 

<!-- For this analysis we will choose the average method, which strikes a compromise between compactness and closeness of the clusters. -->

By applying this method to the Tanimoto distance matrix of the compound chemical fingerprints we obtain the following dendogram. Note that the height of each node signifies the dissimilarity between its daughter clusters.


```r
### Base R method:
# cluster.fingerprintMat <- hclust(as.dist(dist.fingerprintMat), method = "average")
# plot(cluster.fingerprintMat,main='Hierarchical clustering of compounds based on their chemical fingerprints',hang=-1,col = "#487AA1", col.main = "#F38630", col.lab = "#F38630", col.axis = "#7C8071",xlab="Compounds",sub="", lwd = 2)
# axis(side = 2, at = seq(0, 400, 100), col = "#F38630", labels = TRUE, lwd = 2)

library(cluster)
cluster.a.fingerprintMat <- agnes(as.dist(dist.fingerprintMat),method = "average")
# plot(cluster.a.fingerprintMat,which.plots = 2)
pltree(cluster.a.fingerprintMat,main='Hierarchical clustering of compounds based on their chemical fingerprints',col = "#487AA1", col.main = "#F38630", col.lab = "#F38630", col.axis = "#7C8071",xlab="Compounds",sub="", lwd = 2) # calls as.hclust plot method (,hang=-1)
axis(side = 2, at = seq(0, 400, 100), col = "#F38630", labels = TRUE, lwd = 2)
```

![](connectivity-scores_files/figure-html/unnamed-chunk-3-1.png)

Next, we need to decide on an appropriate number of clusters and prune the tree to this size. This is different from other cluster methods, such as k-means clustering, where the number of clusters is defined beforehand. We could eyeball it by looking at the dendogram, but in practise it is more appropriate to define the number of clusters based on the distance between certain groups. The Gap statistic can be used to make a more informed decision about this [@hastie_elements_2009-1]. The `cluster` package provides a method to calculate the Gap statistic using a bootstrap approach. Visually we are looking for a kink or elbow in a plot of the gap statistic versus the number of clusters. This indicates that the decrease in within-cluster similarity is levelling off. More formally we will rely on the `TibshiraniSEmax` criterium.


```r
FUNcluster = function(x,k,inputcluster){
  # Function that requires the original observations (x), 
  # the number of desired clusters (k),
  # and a cluster object 
	out = list( cluster = cutree(inputcluster,k=k))
	return(out)
}
gap <- clusGap(fingerprintMat,FUNcluster = FUNcluster,inputcluster=cluster.a.fingerprintMat,K.max = 20,B = 500)
plot(gap)
```

![](connectivity-scores_files/figure-html/unnamed-chunk-4-1.png)

```r
gapdata <- as.data.frame(gap$Tab)
maxSE(gapdata[,3],gapdata[,4],"Tibs2001SEmax")
```

```
## [1] 1
```



Unfortunately, the criteria suggests that we should only utilise one cluster. This can also be seen in the dendogram, where most splits tend to occur at a similar level of distance. 

Now let's try the flexible beta agglomeration method.


```r
cluster.fingerprintMat <- agnes(as.dist(dist.fingerprintMat),method = "flexible",par.method = 0.625)
pltree(cluster.fingerprintMat,main='Hierarchical clustering of compounds based on their chemical fingerprints',col = "#487AA1", col.main = "#F38630", col.lab = "#F38630", col.axis = "#7C8071",xlab="Compounds",sub="", lwd = 2) # calls as.hclust plot method
axis(side = 2, at = seq(0, 400, 100), col = "#F38630", labels = TRUE, lwd = 2)
```

![](connectivity-scores_files/figure-html/unnamed-chunk-6-1.png)

```r
gap <- clusGap(fingerprintMat,FUNcluster = FUNcluster,inputcluster=cluster.fingerprintMat,K.max = 20,B = 500)
plot(gap)
```

![](connectivity-scores_files/figure-html/unnamed-chunk-6-2.png)

```r
gapdata <- as.data.frame(gap$Tab)
maxSE(gapdata[,3],gapdata[,4],"Tibs2001SEmax")
```

```
## [1] 7
```

It's already obvious from the dendogram that some of the splits happen at much larger distances than others, which makes it easier to decide on appropriate groups. The `TibshiraniSEmax` suggests that seven clusters is optimal.


```r
pltree(cluster.fingerprintMat,main='Hierarchical clustering of compounds based on their chemical fingerprints',hang=-1,col = "#487AA1", col.main = "#F38630", col.lab = "#F38630", col.axis = "#7C8071",xlab="Compounds",sub="", lwd = 2) # calls as.hclust plot method
axis(side = 2, at = seq(0, 400, 100), col = "#F38630", labels = TRUE, lwd = 2)
rect.hclust(cluster.fingerprintMat,k=7)
```

![](connectivity-scores_files/figure-html/unnamed-chunk-7-1.png)

We can also inspect how many entries are in each cluster for various cluster sizes. Fortunately 7 clusters does not lead to any clusters of just one or two compounds, because this could complicate things later on.


```r
# http://www.stat.berkeley.edu/~s133/Cluster2a.html
counts = sapply(2:15,function(ncl)table(cutree(cluster.fingerprintMat,ncl)))
names(counts) = 2:15
counts
```

```
## $`2`
## 
##  1  2 
## 51  5 
## 
## $`3`
## 
##  1  2  3 
## 38 13  5 
## 
## $`4`
## 
##  1  2  3  4 
##  9 29 13  5 
## 
## $`5`
## 
##  1  2  3  4  5 
##  9 29  4  9  5 
## 
## $`6`
## 
##  1  2  3  4  5  6 
##  9  8  4 21  9  5 
## 
## $`7`
## 
##  1  2  3  4  5  6  7 
##  5  8  4 21  9  4  5 
## 
## $`8`
## 
##  1  2  3  4  5  6  7  8 
##  5  8  4 19  9  2  4  5 
## 
## $`9`
## 
##  1  2  3  4  5  6  7  8  9 
##  5  8  4 11  9  8  2  4  5 
## 
## $`10`
## 
##  1  2  3  4  5  6  7  8  9 10 
##  5  3  4 11  9  8  5  2  4  5 
## 
## $`11`
## 
##  1  2  3  4  5  6  7  8  9 10 11 
##  4  3  4 11  9  8  5  2  4  1  5 
## 
## $`12`
## 
##  1  2  3  4  5  6  7  8  9 10 11 12 
##  4  3  4 11  3  8  5  2  6  4  1  5 
## 
## $`13`
## 
##  1  2  3  4  5  6  7  8  9 10 11 12 13 
##  4  3  4  4  7  3  8  5  2  6  4  1  5 
## 
## $`14`
## 
##  1  2  3  4  5  6  7  8  9 10 11 12 13 14 
##  4  3  4  4  7  3  5  5  2  6  3  4  1  5 
## 
## $`15`
## 
##  1  2  3  4  5  6  7  8  9 10 11 12 13 14 15 
##  4  3  4  4  5  3  5  5  2  6  3  4  2  1  5
```

Finally, we will repeat the same procedure for the target predictions.


```r
dist.targetMat <- tanimoto(targetMat)
cluster.targetMat <- agnes(as.dist(dist.targetMat),method = "flexible",par.method = 0.625)

gap <- clusGap(targetMat,FUNcluster = FUNcluster,inputcluster=cluster.targetMat,K.max = 20,B = 500)
plot(gap)
```

![](connectivity-scores_files/figure-html/unnamed-chunk-9-1.png)

```r
gapdata <- as.data.frame(gap$Tab)
maxSE(gapdata[,3],gapdata[,4],"Tibs2001SEmax")
```

```
## [1] 7
```

```r
pltree(cluster.targetMat,main='Hierarchical clustering of compounds based on their target predictions',col = "#487AA1", col.main = "#F38630", col.lab = "#F38630", col.axis = "#7C8071",xlab="Compounds",sub="", lwd = 2) # calls as.hclust plot method
rect.hclust(cluster.targetMat,k=7)
```

![](connectivity-scores_files/figure-html/unnamed-chunk-9-2.png)

## Connectivity scoring using multiple factor analysis

Now that we have identified clusters of compounds that are similar in their structure (chemical fingerprint), we will investigate whether or not they are also similar according to the gene expression profiles they induce *in vitro*. To do this, we will use MFA to compare the gene expression profile of a certain compound (the query) with the profiles of all the other compounds in its cluster (the reference database), i.e. a leave-one-out approach. This will be done once for each compound in a cluster, for every cluster we defined earlier. Afterwards, it might also be interesting to contrast entire clusters with one another, i.e. by using one cluster as a query dataset and comparing it with the other clusters, i.e. a leave-one-cluster-out method.

**The question isn't just if the compounds in a cluster are similar, but if they are similar because the same genes are being regulated in the same or opposite way!**

## Within cluster connectivity

As a proof of concept, we shall perform the leave-one-out procedure on the first cluster.


```r
library(CSFA)
cut.cluster.fingerprintMat <- cutree(cluster.fingerprintMat,k=7) # get vector with cluster membership for compounds
colnames(geneMat)[cut.cluster.fingerprintMat == 1]
```

```
## [1] "metformin"              "phenformin"            
## [3] "phenyl biguanide"       "tetraethylenepentamine"
## [5] "tioguanine"
```

We define the set of reference profiles as all the compounds in the cluster, except for one (the first one in this example). Then, the query set contains all the compounds in the cluster. This can be thought of conceptually as treating the reference set as the known profile or the profile of interest, and searching for similar profiles in the query set. For the MFA, it is important to keep in mind that the compoudns are treated as variables or features, whereas the genes are observations. The genes are shared between the reference and query set, but the variables will differ. 


```r
refMat <- geneMat[,cut.cluster.fingerprintMat==1][,-c(1)]
querMat <- geneMat[,cut.cluster.fingerprintMat==1]
```

In the first step, MFA will normalize both the reference and query dataset by dividing each by their first singular value. Next, a PCA is performed on the combined datasets. This will creates principal axes of variations, which are orthogonal and still explain the entire structure of the data. The principal axes, often called components or factors, are linear combinations of the original variables (or compounds in our setting). We are hoping to find high contributions, termed loadings, of the reference compounds to the first factor and also a high loading of the left out compound on this factor if it is also similar in gene expression. The factor loadings are the actual connectivity scores we are interested in.

**Question: let's say we do an MFA on a set of reference compounds that are entirely unrelated. Do we expect to see several factors, each with a high loading for just one compound and near zero for the others? **

We will repeat the MFA, each time leaving out another compound of the reference set. Afterwards, we will average the connectivity scores of the left-out compounds (for the first/main factors each time), and use this as the global connectivity score within the cluster.


```r
# MFA.fingerprint <- CSanalysis(refMat, querMat,"CSmfa",which = c(1:7))
factor1.out_MFA <-  CSanalysis(refMat, querMat,"CSmfa",which=c(1:7),factor.plot=1,plot.type=sweave)
```

```
## Echoufier Rv Correlation:
##           Reference     Query       MFA
## Reference 1.0000000 0.9157038 0.9761933
## Query     0.9157038 1.0000000 0.9810670
## MFA       0.9761933 0.9810670 1.0000000
```

```
## Error in plot.in(plot.type, paste0(basefilename, "_MFApercvar.pdf")): object 'sweave' not found
```

Already things have become a bit more complex. As you can see in this plot, there is no single factor with high loadings for all of the compounds, which is what we would expect if the referece compounds are indeed inducing similar gene expression profiles. **As such there are multiple connectivity scores for the left out compound, metformin, each belonging to a different connectivity set. For example, the first component consists of a subset of two out of four compounds, phenformin and phenyl biguanide. The connectivity score for metformin is only around 0.1 for this set.**


```r
factor1.out_MFA@CS$CS.query
```

```
##                           Factor1
## metformin              0.11598731
## phenformin             0.88875107
## phenyl biguanide       0.86775976
## tetraethylenepentamine 0.07421413
## tioguanine             0.18861928
```

**We could also look at the second component, which is a set consisting of tioguanine (high) and tetraethylenepentamine (low). This time metformin scores a bit higher, with a loading around 0.6**


```r
factor2.out_MFA <-  CSanalysis(refMat, querMat,"CSmfa",which=c(),factor.plot=2)
```

```
## Echoufier Rv Correlation:
##           Reference     Query       MFA
## Reference 1.0000000 0.9157038 0.9761933
## Query     0.9157038 1.0000000 0.9810670
## MFA       0.9761933 0.9810670 1.0000000
```

```r
factor2.out_MFA@CS$CS.query
```

```
##                           Factor2
## metformin               0.5869890
## phenformin              0.1208763
## phenyl biguanide       -0.2537779
## tetraethylenepentamine -0.6990440
## tioguanine              0.6940803
```

**Question! What are the CSrankscores? They look similar to the loadings, but small values are reduced to zero?**


```r
factor1.out_MFA@CSRankScores
```

```
## $Factor1
##                        CSRankScores Term1.Weighted Term1.Ref1 Term1.Ref2
## metformin                 0.0000000      0.1958297 0.13050596 0.13366293
## phenformin                0.9412925      0.8825851 1.00000000 0.97638112
## phenyl biguanide          0.9187133      0.8828933 0.97638112 1.00000000
## tetraethylenepentamine    0.0000000      0.1470064 0.08350385 0.08552382
## tioguanine                0.0000000      0.2946789 0.21222960 0.21736348
##                        Term1.Ref3 Term1.Ref4      Term2 Combine1.wmean
## metformin              0.63984698  0.6149282 -0.6737909     -0.2389806
## phenformin             0.08350385  0.2122296  1.0000000      0.9412925
## phenyl biguanide       0.08552382  0.2173635  0.9545332      0.9187133
## tetraethylenepentamine 1.00000000  0.3934600 -0.7642708     -0.3086322
## tioguanine             0.39345995  1.0000000 -0.5164715     -0.1108963
##                        Combine2.zero
## metformin                  0.0000000
## phenformin                 0.9412925
## phenyl biguanide           0.9187133
## tetraethylenepentamine     0.0000000
## tioguanine                 0.0000000
```

```r
factor2.out_MFA@CSRankScores
```

```
## $Factor2
##                        CSRankScores Term1.Weighted Term1.Ref1 Term1.Ref2
## metformin                -0.5358505      0.7402441  0.2059259  0.4323384
## phenformin                0.0000000      0.2735100  1.0000000  0.4763073
## phenyl biguanide          0.0000000      0.4632413  0.4763073  1.0000000
## tetraethylenepentamine    0.7503803      0.8492172  0.1729165  0.3630356
## tioguanine               -0.7435095      0.8496545  0.1741531  0.3656319
##                        Term1.Ref3 Term1.Ref4      Term2 Combine1.wmean
## metformin               0.8397026  0.8457077  0.3314570     0.53585053
## phenformin              0.1729165  0.1741531 -1.0000000    -0.36324501
## phenyl biguanide        0.3630356  0.3656319 -0.6203648    -0.07856179
## tetraethylenepentamine  1.0000000  0.9928993  0.6515434     0.75038025
## tioguanine              0.9928993  1.0000000  0.6373645     0.74350950
##                        Combine2.zero
## metformin                  0.5358505
## phenformin                 0.0000000
## phenyl biguanide           0.0000000
## tetraethylenepentamine     0.7503803
## tioguanine                 0.7435095
```

**Question! How can I manually plot images in CSanalysis? plot.type and which not working?**

Now we will perform this leave-one-out and average procedure for each fingerprint-based cluster.


```r
# Loop framework to use later...
n.cluster <- unique(cut.cluster.fingerprintMat) # number of clusters

connectivity.fingerprint <- vector('list',length(n.cluster)) # initialize list to store connectivity scores

for (i in n.cluster) {
  compounds.in.cluster <- rownames(fingerprintMat[cut.cluster.fingerprintMat==i,,drop=F])
  connectivity.fingerprint[[i]] <- sapply( c('average',compounds.in.cluster), function(j) NULL)
  connectivity.fingerprint[[i]][['compounds']] <- compounds.in.cluster
}

ptm <- proc.time()
for (i in 1:length(connectivity.fingerprint)) { # loop through clusters
  sum <- 0
  for (j in 1:length(connectivity.fingerprint[[i]]$compounds)) { # loop through compounds in a cluster
    refMat <- geneMat[,connectivity.fingerprint[[i]]$compounds[-c(j)]]
    querMat <- geneMat[,connectivity.fingerprint[[i]]$compounds]
    connectivity.fingerprint[[i]][[connectivity.fingerprint[[i]]$compounds[[j]]]] <- CSanalysis(refMat,querMat,"CSmfa",which=c(),factor.plot=1)@CS$CS.query
    sum <- sum + connectivity.fingerprint[[i]][[connectivity.fingerprint[[i]]$compounds[[j]]]][connectivity.fingerprint[[i]]$compounds[[j]],]
  }
  connectivity.fingerprint[[i]]$average <- sum/j
}
```

```
## Echoufier Rv Correlation:
##           Reference     Query       MFA
## Reference 1.0000000 0.9157038 0.9761933
## Query     0.9157038 1.0000000 0.9810670
## MFA       0.9761933 0.9810670 1.0000000
## Echoufier Rv Correlation:
##           Reference     Query       MFA
## Reference 1.0000000 0.9179576 0.9777683
## Query     0.9179576 1.0000000 0.9807286
## MFA       0.9777683 0.9807286 1.0000000
## Echoufier Rv Correlation:
##           Reference     Query       MFA
## Reference 1.0000000 0.9175224 0.9769254
## Query     0.9175224 1.0000000 0.9812886
## MFA       0.9769254 0.9812886 1.0000000
## Echoufier Rv Correlation:
##           Reference     Query       MFA
## Reference 1.0000000 0.9150150 0.9762515
## Query     0.9150150 1.0000000 0.9806818
## MFA       0.9762515 0.9806818 1.0000000
## Echoufier Rv Correlation:
##           Reference     Query       MFA
## Reference 1.0000000 0.9151536 0.9765328
## Query     0.9151536 1.0000000 0.9804937
## MFA       0.9765328 0.9804937 1.0000000
## Echoufier Rv Correlation:
##           Reference     Query       MFA
## Reference 1.0000000 0.9477201 0.9884935
## Query     0.9477201 1.0000000 0.9850837
## MFA       0.9884935 0.9850837 1.0000000
## Echoufier Rv Correlation:
##           Reference     Query       MFA
## Reference 1.0000000 0.9469637 0.9864615
## Query     0.9469637 1.0000000 0.9868408
## MFA       0.9864615 0.9868408 1.0000000
## Echoufier Rv Correlation:
##           Reference     Query       MFA
## Reference 1.0000000 0.9479631 0.9886251
## Query     0.9479631 1.0000000 0.9850648
## MFA       0.9886251 0.9850648 1.0000000
## Echoufier Rv Correlation:
##           Reference     Query       MFA
## Reference 1.0000000 0.9469776 0.9861777
## Query     0.9469776 1.0000000 0.9871247
## MFA       0.9861777 0.9871247 1.0000000
## Echoufier Rv Correlation:
##           Reference     Query       MFA
## Reference 1.0000000 0.9467979 0.9857547
## Query     0.9467979 1.0000000 0.9874386
## MFA       0.9857547 0.9874386 1.0000000
## Echoufier Rv Correlation:
##           Reference     Query       MFA
## Reference 1.0000000 0.9467920 0.9861291
## Query     0.9467920 1.0000000 0.9870791
## MFA       0.9861291 0.9870791 1.0000000
## Echoufier Rv Correlation:
##           Reference     Query       MFA
## Reference 1.0000000 0.9469193 0.9856485
## Query     0.9469193 1.0000000 0.9875974
## MFA       0.9856485 0.9875974 1.0000000
## Echoufier Rv Correlation:
##           Reference     Query       MFA
## Reference 1.0000000 0.9470882 0.9857566
## Query     0.9470882 1.0000000 0.9875792
## MFA       0.9857566 0.9875792 1.0000000
## Echoufier Rv Correlation:
##           Reference     Query       MFA
## Reference 1.0000000 0.9020902 0.9764677
## Query     0.9020902 1.0000000 0.9739311
## MFA       0.9764677 0.9739311 1.0000000
## Echoufier Rv Correlation:
##           Reference     Query       MFA
## Reference 1.0000000 0.9014502 0.9759247
## Query     0.9014502 1.0000000 0.9741626
## MFA       0.9759247 0.9741626 1.0000000
## Echoufier Rv Correlation:
##           Reference     Query       MFA
## Reference 1.0000000 0.8972934 0.9730376
## Query     0.8972934 1.0000000 0.9749156
## MFA       0.9730376 0.9749156 1.0000000
## Echoufier Rv Correlation:
##           Reference     Query       MFA
## Reference 1.0000000 0.8966026 0.9718603
## Query     0.8966026 1.0000000 0.9756860
## MFA       0.9718603 0.9756860 1.0000000
## Echoufier Rv Correlation:
##           Reference     Query       MFA
## Reference 1.0000000 0.9848321 0.9964058
## Query     0.9848321 1.0000000 0.9959901
## MFA       0.9964058 0.9959901 1.0000000
## Echoufier Rv Correlation:
##           Reference     Query       MFA
## Reference 1.0000000 0.9846039 0.9963667
## Query     0.9846039 1.0000000 0.9959137
## MFA       0.9963667 0.9959137 1.0000000
## Echoufier Rv Correlation:
##           Reference     Query       MFA
## Reference 1.0000000 0.9842854 0.9959986
## Query     0.9842854 1.0000000 0.9961281
## MFA       0.9959986 0.9961281 1.0000000
## Echoufier Rv Correlation:
##           Reference     Query       MFA
## Reference 1.0000000 0.9842225 0.9959515
## Query     0.9842225 1.0000000 0.9961430
## MFA       0.9959515 0.9961430 1.0000000
## Echoufier Rv Correlation:
##           Reference     Query       MFA
## Reference 1.0000000 0.9842430 0.9960131
## Query     0.9842430 1.0000000 0.9960926
## MFA       0.9960131 0.9960926 1.0000000
## Echoufier Rv Correlation:
##           Reference     Query       MFA
## Reference 1.0000000 0.9847279 0.9962094
## Query     0.9847279 1.0000000 0.9961398
## MFA       0.9962094 0.9961398 1.0000000
## Echoufier Rv Correlation:
##           Reference     Query       MFA
## Reference 1.0000000 0.9846913 0.9962808
## Query     0.9846913 1.0000000 0.9960484
## MFA       0.9962808 0.9960484 1.0000000
## Echoufier Rv Correlation:
##           Reference     Query       MFA
## Reference 1.0000000 0.9842503 0.9959552
## Query     0.9842503 1.0000000 0.9961531
## MFA       0.9959552 0.9961531 1.0000000
## Echoufier Rv Correlation:
##           Reference     Query       MFA
## Reference 1.0000000 0.9846292 0.9962317
## Query     0.9846292 1.0000000 0.9960672
## MFA       0.9962317 0.9960672 1.0000000
## Echoufier Rv Correlation:
##           Reference     Query       MFA
## Reference 1.0000000 0.9842959 0.9960207
## Query     0.9842959 1.0000000 0.9961115
## MFA       0.9960207 0.9961115 1.0000000
## Echoufier Rv Correlation:
##           Reference     Query       MFA
## Reference 1.0000000 0.9842375 0.9959504
## Query     0.9842375 1.0000000 0.9961515
## MFA       0.9959504 0.9961515 1.0000000
## Echoufier Rv Correlation:
##           Reference     Query       MFA
## Reference 1.0000000 0.9842026 0.9959657
## Query     0.9842026 1.0000000 0.9961192
## MFA       0.9959657 0.9961192 1.0000000
## Echoufier Rv Correlation:
##           Reference     Query       MFA
## Reference 1.0000000 0.9842136 0.9960402
## Query     0.9842136 1.0000000 0.9960510
## MFA       0.9960402 0.9960510 1.0000000
## Echoufier Rv Correlation:
##           Reference     Query       MFA
## Reference 1.0000000 0.9842293 0.9960051
## Query     0.9842293 1.0000000 0.9960937
## MFA       0.9960051 0.9960937 1.0000000
## Echoufier Rv Correlation:
##           Reference     Query       MFA
## Reference 1.0000000 0.9843484 0.9959677
## Query     0.9843484 1.0000000 0.9961895
## MFA       0.9959677 0.9961895 1.0000000
## Echoufier Rv Correlation:
##           Reference     Query       MFA
## Reference 1.0000000 0.9843199 0.9959985
## Query     0.9843199 1.0000000 0.9961453
## MFA       0.9959985 0.9961453 1.0000000
## Echoufier Rv Correlation:
##           Reference     Query       MFA
## Reference 1.0000000 0.9844912 0.9962598
## Query     0.9844912 1.0000000 0.9959679
## MFA       0.9962598 0.9959679 1.0000000
## Echoufier Rv Correlation:
##           Reference     Query       MFA
## Reference 1.0000000 0.9844010 0.9961962
## Query     0.9844010 1.0000000 0.9959876
## MFA       0.9961962 0.9959876 1.0000000
## Echoufier Rv Correlation:
##           Reference     Query       MFA
## Reference 1.0000000 0.9842225 0.9959530
## Query     0.9842225 1.0000000 0.9961415
## MFA       0.9959530 0.9961415 1.0000000
## Echoufier Rv Correlation:
##           Reference     Query       MFA
## Reference 1.0000000 0.9842967 0.9960367
## Query     0.9842967 1.0000000 0.9960961
## MFA       0.9960367 0.9960961 1.0000000
## Echoufier Rv Correlation:
##           Reference     Query       MFA
## Reference 1.0000000 0.9842132 0.9960176
## Query     0.9842132 1.0000000 0.9960733
## MFA       0.9960176 0.9960733 1.0000000
## Echoufier Rv Correlation:
##           Reference     Query       MFA
## Reference 1.0000000 0.9600765 0.9895096
## Query     0.9600765 1.0000000 0.9904178
## MFA       0.9895096 0.9904178 1.0000000
## Echoufier Rv Correlation:
##           Reference     Query       MFA
## Reference 1.0000000 0.9631805 0.9915296
## Query     0.9631805 1.0000000 0.9899411
## MFA       0.9915296 0.9899411 1.0000000
## Echoufier Rv Correlation:
##           Reference     Query       MFA
## Reference 1.0000000 0.9602043 0.9897574
## Query     0.9602043 1.0000000 0.9902418
## MFA       0.9897574 0.9902418 1.0000000
## Echoufier Rv Correlation:
##           Reference     Query       MFA
## Reference 1.0000000 0.9606064 0.9901235
## Query     0.9606064 1.0000000 0.9900817
## MFA       0.9901235 0.9900817 1.0000000
## Echoufier Rv Correlation:
##           Reference    Query       MFA
## Reference 1.0000000 0.960078 0.9894892
## Query     0.9600780 1.000000 0.9904380
## MFA       0.9894892 0.990438 1.0000000
## Echoufier Rv Correlation:
##           Reference     Query       MFA
## Reference 1.0000000 0.9612769 0.9906047
## Query     0.9612769 1.0000000 0.9899333
## MFA       0.9906047 0.9899333 1.0000000
## Echoufier Rv Correlation:
##           Reference     Query       MFA
## Reference 1.0000000 0.9603942 0.9899646
## Query     0.9603942 1.0000000 0.9901331
## MFA       0.9899646 0.9901331 1.0000000
## Echoufier Rv Correlation:
##           Reference     Query       MFA
## Reference 1.0000000 0.9623230 0.9911854
## Query     0.9623230 1.0000000 0.9898636
## MFA       0.9911854 0.9898636 1.0000000
## Echoufier Rv Correlation:
##           Reference     Query       MFA
## Reference 1.0000000 0.9611406 0.9905098
## Query     0.9611406 1.0000000 0.9899614
## MFA       0.9905098 0.9899614 1.0000000
## Echoufier Rv Correlation:
##           Reference     Query       MFA
## Reference 1.0000000 0.8928121 0.9734283
## Query     0.8928121 1.0000000 0.9722333
## MFA       0.9734283 0.9722333 1.0000000
## Echoufier Rv Correlation:
##           Reference     Query       MFA
## Reference 1.0000000 0.8936886 0.9763224
## Query     0.8936886 1.0000000 0.9695886
## MFA       0.9763224 0.9695886 1.0000000
## Echoufier Rv Correlation:
##           Reference     Query       MFA
## Reference 1.0000000 0.8893049 0.9684107
## Query     0.8893049 1.0000000 0.9752487
## MFA       0.9684107 0.9752487 1.0000000
## Echoufier Rv Correlation:
##           Reference     Query       MFA
## Reference 1.0000000 0.8895428 0.9702670
## Query     0.8895428 1.0000000 0.9736691
## MFA       0.9702670 0.9736691 1.0000000
## Echoufier Rv Correlation:
##           Reference     Query       MFA
## Reference 1.0000000 0.9615993 0.9907491
## Query     0.9615993 1.0000000 0.9899492
## MFA       0.9907491 0.9899492 1.0000000
## Echoufier Rv Correlation:
##           Reference     Query       MFA
## Reference 1.0000000 0.9480144 0.9866235
## Query     0.9480144 1.0000000 0.9872093
## MFA       0.9866235 0.9872093 1.0000000
## Echoufier Rv Correlation:
##           Reference     Query       MFA
## Reference 1.0000000 0.9552592 0.9888756
## Query     0.9552592 1.0000000 0.9886267
## MFA       0.9888756 0.9886267 1.0000000
## Echoufier Rv Correlation:
##           Reference     Query       MFA
## Reference 1.0000000 0.9495805 0.9872544
## Query     0.9495805 1.0000000 0.9873748
## MFA       0.9872544 0.9873748 1.0000000
## Echoufier Rv Correlation:
##           Reference     Query       MFA
## Reference 1.0000000 0.9500550 0.9874344
## Query     0.9500550 1.0000000 0.9874352
## MFA       0.9874344 0.9874352 1.0000000
```

```r
proc.time() - ptm
```

```
##    user  system elapsed 
##  196.12    0.47  202.07
```


```r
connectivity.fingerprint
```

```
## [[1]]
## [[1]]$average
## [1] 0.09526043
## 
## [[1]]$metformin
##                           Factor1
## metformin              0.11598731
## phenformin             0.88875107
## phenyl biguanide       0.86775976
## tetraethylenepentamine 0.07421413
## tioguanine             0.18861928
## 
## [[1]]$phenformin
##                            Factor1
## metformin               0.79666125
## phenformin              0.08757013
## phenyl biguanide       -0.31333693
## tetraethylenepentamine -0.57058029
## tioguanine              0.63276623
## 
## [[1]]$`phenyl biguanide`
##                           Factor1
## metformin               0.7688766
## phenformin              0.5713239
## phenyl biguanide        0.1717391
## tetraethylenepentamine -0.4410884
## tioguanine              0.6324281
## 
## [[1]]$tetraethylenepentamine
##                            Factor1
## metformin               0.33602329
## phenformin              0.89313511
## phenyl biguanide        0.76749299
## tetraethylenepentamine -0.03704697
## tioguanine              0.33471513
## 
## [[1]]$tioguanine
##                           Factor1
## metformin              0.17183683
## phenformin             0.90322026
## phenyl biguanide       0.85494862
## tetraethylenepentamine 0.04266674
## tioguanine             0.13805259
## 
## [[1]]$compounds
## [1] "metformin"              "phenformin"            
## [3] "phenyl biguanide"       "tetraethylenepentamine"
## [5] "tioguanine"            
## 
## 
## [[2]]
## [[2]]$average
## [1] 0.1951273
## 
## [[2]]$estradiol
##                               Factor1
## estradiol                  0.58906931
## nordihydroguaiaretic acid  0.58719297
## genistein                  0.82864623
## fulvestrant               -0.35857483
## dopamine                  -0.10230162
## probucol                   0.36633228
## resveratrol                0.06421401
## butein                     0.33941179
## 
## [[2]]$`nordihydroguaiaretic acid`
##                               Factor1
## estradiol                  0.80335320
## nordihydroguaiaretic acid  0.30458904
## genistein                  0.79746023
## fulvestrant               -0.50998608
## dopamine                  -0.04930359
## probucol                   0.33389823
## resveratrol               -0.06824228
## butein                     0.24647345
## 
## [[2]]$genistein
##                               Factor1
## estradiol                  0.78166462
## nordihydroguaiaretic acid  0.44244853
## genistein                  0.62611677
## fulvestrant               -0.49253770
## dopamine                   0.02600421
## probucol                   0.27042047
## resveratrol                0.10665860
## butein                     0.48275049
## 
## [[2]]$fulvestrant
##                                Factor1
## estradiol                  0.759248309
## nordihydroguaiaretic acid  0.556384160
## genistein                  0.828197462
## fulvestrant               -0.246857090
## dopamine                  -0.001056535
## probucol                   0.353122634
## resveratrol               -0.012205467
## butein                     0.252284722
## 
## [[2]]$dopamine
##                               Factor1
## estradiol                  0.77819898
## nordihydroguaiaretic acid  0.48017154
## genistein                  0.81375173
## fulvestrant               -0.40382636
## dopamine                  -0.02995854
## probucol                   0.32572763
## resveratrol               -0.03327522
## butein                     0.26978604
## 
## [[2]]$probucol
##                                Factor1
## estradiol                  0.784310771
## nordihydroguaiaretic acid  0.485942641
## genistein                  0.808419203
## fulvestrant               -0.432062429
## dopamine                  -0.053229246
## probucol                   0.205166954
## resveratrol               -0.004999088
## butein                     0.305597775
## 
## [[2]]$resveratrol
##                               Factor1
## estradiol                  0.77482200
## nordihydroguaiaretic acid  0.48199038
## genistein                  0.81383890
## fulvestrant               -0.40729513
## dopamine                  -0.04744661
## probucol                   0.32239218
## resveratrol               -0.02023115
## butein                     0.27378777
## 
## [[2]]$butein
##                               Factor1
## estradiol                  0.77724901
## nordihydroguaiaretic acid  0.47308463
## genistein                  0.82311183
## fulvestrant               -0.40257665
## dopamine                  -0.09317155
## probucol                   0.35119286
## resveratrol               -0.12908910
## butein                     0.13312332
## 
## [[2]]$compounds
## [1] "estradiol"                 "nordihydroguaiaretic acid"
## [3] "genistein"                 "fulvestrant"              
## [5] "dopamine"                  "probucol"                 
## [7] "resveratrol"               "butein"                   
## 
## 
## [[3]]
## [[3]]$average
## [1] -0.5007993
## 
## [[3]]$dexamethasone
##                    Factor1
## dexamethasone   -0.6403364
## exemestane      -0.7628710
## prednisolone     0.6896013
